969034
936170
247554
500440
506852
884260
813744
371590
673715
635750
900323
112724
156691
208992
45861
454563
478483
373668
402615
571957
682645
180022
476566
712607
976329
711335
117724
323286
324825
875446
283400
218853
288707
6521
235975
187880
668780
510967
163471
409883
543077
891331
824808
877047
436348
840818
612612
475674
571117
473508
727527
419923
386000
841665
826142
397486
790909
755246
930834
828412
802632
944088
576055
168305
132094
466719
137753
818178
60859
352654
654304
33411
762171
747854
786448
574265
543754
266325
865746
675253
801087
579636
642019
98561
137902
222381
551421
917734
205730
191521
280818
938562
771060
869363
628694
687918
25304
701439
327203
350354
688616
875239
403154
985383
33832
846728
434813
3844
574378
738731
715907
997840
280422
421796
932373
714623
179807
459076
413697
170494
990835
691879
738126
24423
886647
360516
937023
701558
231073
453845
143489
87119
731880
277226
431618
247159
6271
419286
107717
346459
171322
1193
222346
475522
424571
717243
733543
206484
209295
464588
233695
944895
501655
818893
385705
440214
640587
651741
339514
917829
586544
251207
762273
629279
743644
804223
978538
203828
154119
903669
45567
220093
775897
914226
495356
986176
23613
563289
477259
691847
567340
15418
641445
116103
143495
439712
154077
765503
70543
254723
539814
793341
40262
204093
258895
88357
797998
67125
603938
420125
232974
575505
739641
484437
399428
370055
906390
864491
457612
261289
183545
317348
183003
738603
102106
716992
494883
195222
71608
275592
855578
284425
76180
218428
9193
506560
496169
43999
236507
329317
489275
569424
810290
660776
697578
686267
770372
641166
45800
895136
750592
598981
291962
851293
401239
615726
555253
315627
22745
849239
883139
877819
968726
852200
158999
207360
5728
548806
754341
3194
349572
220577
700585
762869
366453
589716
320117
618328
978842
576052
233309
197443
905638
74027
691147
415454
553877
724690
528385
457529
310794
622055
319253
442268
9289
971861
126731
871829
681864
475441
836740
726152
765606
444993
974586
849188
399537
309829
805640
22629
3480
543104
216836
559508
746668
534179
66772
220658
508562
445265
870668
320001
40300
794669
45083
467565
86298
681584
185465
953390
708041
832061
585688
863313
57118
180955
859900
894899
470061
797843
769714
793735
717120
112642
491974
309011
998359
365236
961129
883727
43065
770933
85854
795639
366287
237596
448277
728045
562570
899062
918289
498778
546505
712365
653680
130530
83502
479961
952334
200162
280013
134817
411160
650922
880714
34540
723042
70623
229872
304054
181817
682139
800060
806231
85562
98750
208674
398699
528334
568844
628920
361901
563846
197424
289502
747831
448308
195842
419468
264753
33327
91714
656228
449695
175156
430986
289469
475772
717642
463068
616542
426624
271897
476083
537385
231995
785703
554446
515993
621086
46673
61044
637353
962258
350849
430285
452697
102703
254037
503431
998414
760475
56067
822066
809698
808803
888204
226963
985573
461731
887283
706649
840619
880123
999661
679973
936696
594799
504416
48342
9007
875870
998883
168923
254392
31020
303112
219197
272308
330138
631432
550991
532130
591066
985758
171872
298441
292232
148736
775309
889711
562232
886047
909596
433673
413079
448806
306380
21310
694683
882099
647681
866132
912626
342927
915713
189407
86402
207453
925352
475340
334556
93436
784685
276661
401908
864080
162251
329069
886579
610830
8468
991660
473567
731851
782429
249891
27994
483142
788732
82893
512111
502243
713821
191611
818423
639631
65981
858059
323480
888809
420175
304254
769697
777512
272692
59680
935055
918676
638587
424207
166915
813499
218557
334500
340331
109853
662965
998051
475639
330935
17957
343107
686833
859004
397065
287375
428994
77018
211100
87858
542107
199117
995426
734637
627970
398152
83257
675360
912503
441808
708091
493376
599246
31155
837448
434275
885751
756583
776425
682522
67846
846142
493203
365304
971211
64788
520482
375203
862778
746738
129223
359143
746121
600439
216972
756731
325413
43537
375561
519795
644503
615676
197824
256049
875583
449322
801944
159187
134268
234939
75954
64784
21191
365667
992158
72572
959819
747816
720617
682315
865645
132210
211573
399093
463978
804423
476510
506163
391769
964635
485097
751762
304783
860000
771666
473537
656888
942017
304303
534044
571731
570501
766136
719988
802548
764165
53768
308215
133249
876662
903236
764660
16798
731094
861267
914217
421804
59949
89132
159560
757790
798524
362637
423701
372302
387428
673424
942138
202342
931153
560745
646098
62485
786036
101556
139840
439708
446297
456229
90571
731737
479780
471770
774524
621951
513761
151509
568434
338321
649268
206554
705173
499847
684798
130341
810889
436911
622957
501320
371644
681510
386299
925375
380121
239153
743049
367037
333766
345363
443429
159553
536447
26540
889610
95609
666503
465288
598769
962659
332143
206275
378138
339430
252619
985690
768945
935935
598477
220359
264257
68187
16537
111900
812779
393178
797429
229693
454061
255727
47001
84076
339506
894656
884491
489427
7041
64554
347093
318652
90034
539085
68047
84427
334120
872014
321564
720763
843598
131303
146656
700532
331268
63675
605747
508302
922
445983
163998
248469
767200
635569
581940
17477
222454
705934
906119
269057
906318
662267
794472
807895
816813
484369
976543
600334
930492
38028
824574
141857
771368
613369
560332
461804
364546
443508
203125
597012
817511
235959
918760
999011
426674
246462
341754
491925
420887
802009
871790
866532
797353
407170
631765
616878
184062
88435
291480
615846
10209
622793
755411
8786
357004
479837
382145
640489
427142
281027
687866
820404
659588
971748
84419
128339
589621
555092
420560
291335
894441
314342
449947
877517
130288
589588
354575
603985
61487
107137
768102
569169
368803
959927
829856
195733
920031
219869
238960
711021
29878
388889
20893
195913
737995
746695
926005
907685
305811
568333
462275
731684
530699
554891
70422
818012
911366
762049
530606
990504
237291
783983
778003
439504
436286
468733
625846
26411
593305
811627
977818
298343
165298
713000
51780
632871
914925
795211
968983
722527
330302
429211
469078
792843
264320
631888
63401
212545
313956
652367
998907
295047
914593
968121
273848
332071
563131
888676
679056
413963
811985
165146
257186
531059
136526
52344
595343
223268
602246
76246
849447
180473
789574
952507
273414
118543
44515
831466
366460
198031
976211
972199
103572
455664
465148
137984
787097
786429
763801
774636
140379
67000
198293
292216
157964
763366
924322
540240
714489
365301
291975
981360
53909
719475
69507
310886
665685
535027
923932
261724
130412
192211
153887
931111
930661
250078
182249
407723
225595
475298
201614
677644
442078
615009
985427
243854
152248
618713
42061
563909
536417
98096
318272
443407
266451
301798
537422
986535
386950
997491
183603
551773
24772
578713
666207
977860
843718
572861
751744
604900
589724
570880
816136
304088
470896
89935
525443
342796
370158
792626
404868
730211