569882
563026
1924
266852
907051
317925
699438
930805
827759
35971
167144
603320
535409
625586
606042
236586
871984
772159
297899
457319
200722
255959
725591
372519
374239
408871
215336
646826
317400
188064
496413
182621
552534
499733
816921
456935
407920
240597
607425
35288
366986
182355
730935
865684
108600
769860
324249
478964
977884
348136
356781
325249
589623
165902
807038
832261
543278
412436
703363
748709
18238
396155
361897
296760
586014
877496
329059
583035
875926
619758
918044
269127
228503
596960
363023
533359
429879
745844
105476
189422
246848
352771
356340
967984
113667
385859
608210
646033
62405
365689
232008
126638
538732
439017
973096
69484
817279
66350
712306
750826
347962
698045
524076
996189
946584
673463
719831
594783
818619
794778
808752
11200
799313
568688
728565
374641
388743
729969
122526
884509
825642
342045
736066
751448
640412
457761
107184
7639
250343
906738
563707
979450
723592
456574
245774
948782
826936
728673
87274
846258
803310
837365
155348
351324
417731
824955
285006
978446
387607
349584
463638
923897
496777
927493
620652
39301
240916
1910
703497
521570
438375
191306
467480
163663
646831
427772
401463
886767
637438
29427
386200
776005
548665
326771
766782
371299
716722
237907
984605
644558
376139
573079
311433
829509
1896
576068
301575
664218
370916
695894
621075
964043
756631
146478
33618
504500
625082
961707
178412
947290
993452
660740
719258
560427
703053
476508
992405
205267
686341
573341
592038
348141
623891
706650
726489
528242
790981
643433
824968
873961
308341
48714
36186
860936
135922
407435
406207
671597
997940
447777
417984
794097
348566
464828
947731
57641
672450
151415
810196
482400
4359
542154
958990
145088
289770
892302
356225
830069
817255
838251
627028
282139
898519
105788
248386
366261
176965
66551
469436
203224
769807
363179
733730
894662
393546
963402
842448
893678
818843
218721
28339
148606
554723
344470
786793
539056
84756
669807
949119
816644
85138
713610
923202
265701
138930
470297
555740
289867
578807
783485
520273
120148
196186
268151
185561
280106
401048
811873
145468
429164
563519
182530
527488
412783
507229
130424
111695
257965
128704
384508
413234
29265
851832
595017
610363
889836
214168
645308
640826
473548
626379
142354
461058
430576
576030
951992
684936
636266
223016
104660
46753
424356
176140
989031
326405
26191
148050
596760
78920
774381
692053
502866
979579
774873
24337
249950
65915
270498
474158
640106
32974
705533
242662
705834
729251
846293
883577
685609
532666
203710
42692
745249
732411
945429
968950
9615
658755
699746
298302
647544
545689
990609
936772
873820
836225
4414
575457
412118
685002
713979
848357
85023
731615
260476
631182
337517
7252
56703
434843
728894
849858
495685
879238
675315
987168
603908
976489
961938
610486
478295
261827
800221
40376
701144
311593
547429
125800
428608
414387
322574
373726
153379
566658
748954
359303
130036
266748
250130
498021
889650
642001
948361
537472
834791
398374
436651
591798
124375
452530
268423
254082
611786
181400
297147
411956
265823
843535
593412
77014
605766
167191
881917
435778
232567
11028
841088
570129
857062
540601
438268
106263
159444
460517
477676
79025
941140
777044
557428
412813
386799
201008
806122
941612
214300
538231
357993
957133
548662
506142
968954
185712
91712
48157
215340
119922
488200
160414
394403
176761
550922
753863
824006
676708
923429
627306
214047
374747
163115
238918
543873
813798
237409
118768
458709
443931
118727
334731
926416
668468
366165
467830
23997
258757
594779
960586
605234
978081
667387
564199
515618
31343
906527
220286
590626
25635
420198
464139
263931
477453
226301
769547
631758
11653
957703
641621
256638
735373
637698
186731
887034
817312
436078
355495
432887
563334
685333
754178
596710
449292
834322
545256
643009
8083
793203
978290
330793
458152
338546
938755
308303
555094
185725
9104
566033
459194
45458
929476
747032
289016
718538
44479
429565
860280
395032
705189
379167
503019
696733
877767
819987
487992
999929
987881
550636
742937
170186
991074
829895
724631
57250
317001
638205
481054
957885
353929
325772
813728
571554
524924
332661
136588
184760
806413
598468
419378
751936
748094
968949
999801
936348
555372
353416
129687
649111
805920
488261
499844
338558
699152
231470
718044
776214
901679
836510
188022
776662
255906
267526
341500
291708
812979
118363
781465
868985
404962
224804
423909
449569
251004
603765
415493
354652
698023
971425
215830
754454
702328
966175
331436
215643
947295
319867
797322
70563
184770
268434
903083
241542
267264
137087
777112
686604
74812
847245
479570
581984
552000
413492
57071
315762
431772
732675
777741
989992
98542
819188
884439
216328
932775
933904
891706
568724
656227
128331
957396
98957
235058
435244
883836
227141
441446
269706
959609
281003
610893
174446
624136
300371
409886
335272
519989
331332
20567
671711
129881
881818
808580
234016
826218
297349
235129
361603
564271
871166
646920
81382
726400
280191
634793
260561
792437
227375
247339
282465
192122
997457
774491
782108
779812
579111
207078
206300
715556
33744
112139
148220
914531
661605
771885
768952
100536
42055
331779
442144
392933
6904
365444
845591
170222
841513
610198
267350
784908
399151
341103
458424
841416
233852
241737
508188
57829
32566
11966
939427
20054
48210
11980
162058
887133
226038
2712
478437
893285
33551
217380
348744
925679
506308
663510
65404
979268
122475
867183
99332
871829
141242
787570
538846
611090
608030
882679
955430
705601
199941
403171
84748
425851
373973
543774
922388
572182
180007
428678
200701
828750
412593
155938
652592
686519
874391
260474
488632
918516
3406
285963
319448
741716
30536
561597
104017
413602
944854
709324
43210
729542
273443
195312
559412
891533
545652
28646
540180
5981
409059
789647
303806
369884
378703
946925
406672
499136
805324
51292
918152
861556
121775
258130
2798
480193
106118
969910
332082
98109
228794
619266
981292
907693
695305
263776
895910
956296
752212
283821
891135
676604
454346
335871
21368
659328
144278
240343
817935
108147
624126
272451
124259
519202
692434
185261
416464
52373
505881
154624
997299
880447
466838
312295
335005
749350
589604
186043
611121
231283
215618
811388
620255
250566
412999
257743
220265
362435
812668
951714
640822
619377
588012
933964
399196
837776
328850
981980
937696
565002
40193
150656
578391
11466
290299
71765
11536
451642
258546
277005
807000
33139
477579
41279
844274
779412
169990
835231
443551
561665
349009
282241
996842
576308
934484
343866
254822
528872
958759
754403
634486
506055
757021
4399
954880
329926
57547
859567
4386
122014
234448
79834
949783
865279
693155
941725
357513
301586
650399
527376
846003
750785
210203
81701
911396
635511
336390
840003
665566
884318
727705
967031
678675
587349
325738
237674
69929
196140
895402
701573
155858
378974
69543
143233
829753
559243
518031
439294
836218
637596
758136
910627
186481
12492
232747
393066
35360
16277
435688
739188
53466
759239
650818
926742
98897
271931
162262